Beta,Beta_Prime,D,Lambda_Sf,Lambda_J,Lambda_Phi,Mx,My,Mz,x
0,0,0.005,2e-08,1e-20,1e-20,0,0,0,0
0,0,0.005,2e-08,1e-20,1e-20,0,0,0,5e-10
0,0,0.005,2e-08,1e-20,1e-20,0,0,0,1e-09
0,0,0.005,2e-08,1e-20,1e-20,0,0,0,1.5e-09
0,0,0.005,2e-08,1e-20,1e-20,0,0,0,2e-09
0,0,0.005,2e-08,1e-20,1e-20,0,0,0,2.5e-09
0,0,0.005,2e-08,1e-20,1e-20,0,0,0,3e-09
0,0,0.005,2e-08,1e-20,1e-20,0,0,0,3.5e-09
0,0,0.005,2e-08,1e-20,1e-20,0,0,0,4e-09
0,0,0.005,2e-08,1e-20,1e-20,0,0,0,4.5e-09
0,0,0.005,2e-08,1e-20,1e-20,0,0,0,5e-09
0,0,0.005,2e-08,1e-20,1e-20,0,0,0,5.5e-09
0,0,0.005,2e-08,1e-20,1e-20,0,0,0,6e-09
0,0,0.005,2e-08,1e-20,1e-20,0,0,0,6.5e-09
0,0,0.005,2e-08,1e-20,1e-20,0,0,0,7e-09
0,0,0.005,2e-08,1e-20,1e-20,0,0,0,7.5e-09
0,0,0.005,2e-08,1e-20,1e-20,0,0,0,8e-09
0,0,0.005,2e-08,1e-20,1e-20,0,0,0,8.5e-09
0,0,0.005,2e-08,1e-20,1e-20,0,0,0,9e-09
0,0,0.005,2e-08,1e-20,1e-20,0,0,0,9.5e-09
0,0,0.005,2e-08,1e-20,1e-20,0,0,0,1e-08
0,0,0.005,2e-08,1e-20,1e-20,0,0,0,1.05e-08
0,0,0.005,2e-08,1e-20,1e-20,0,0,0,1.1e-08
0,0,0.005,2e-08,1e-20,1e-20,0,0,0,1.15e-08
0,0,0.005,2e-08,1e-20,1e-20,0,0,0,1.2e-08
0,0,0.005,2e-08,1e-20,1e-20,0,0,0,1.25e-08
0,0,0.005,2e-08,1e-20,1e-20,0,0,0,1.3e-08
0,0,0.005,2e-08,1e-20,1e-20,0,0,0,1.35e-08
0,0,0.005,2e-08,1e-20,1e-20,0,0,0,1.4e-08
0,0,0.005,2e-08,1e-20,1e-20,0,0,0,1.45e-08
0,0,0.005,2e-08,1e-20,1e-20,0,0,0,1.5e-08
0,0,0.005,2e-08,1e-20,1e-20,0,0,0,1.55e-08
0,0,0.005,2e-08,1e-20,1e-20,0,0,0,1.6e-08
0,0,0.005,2e-08,1e-20,1e-20,0,0,0,1.65e-08
0,0,0.005,2e-08,1e-20,1e-20,0,0,0,1.7e-08
0,0,0.005,2e-08,1e-20,1e-20,0,0,0,1.75e-08
0,0,0.005,2e-08,1e-20,1e-20,0,0,2.22045e-16,1.8e-08
2.22045e-16,4.44089e-16,0.005,2e-08,1.00017e-20,1.00017e-20,0,0,4.44089e-16,1.85e-08
4.44089e-16,6.66134e-16,0.005,2e-08,1.00033e-20,1.00033e-20,0,0,8.88178e-16,1.9e-08
8.88178e-16,1.33227e-15,0.005,2e-08,1.00066e-20,1.00066e-20,0,0,1.77636e-15,1.95e-08
1.77636e-15,2.22045e-15,0.005,2e-08,1.00132e-20,1.00132e-20,0,0,3.33067e-15,2e-08
3.10862e-15,4.44089e-15,0.005,2e-08,1.00265e-20,1.00265e-20,0,0,6.43929e-15,2.05e-08
6.21725e-15,8.88178e-15,0.005,2e-08,1.00496e-20,1.00496e-20,0,0,1.26565e-14,2.1e-08
1.24345e-14,1.73195e-14,0.005,2e-08,1.00993e-20,1.00993e-20,0,0,2.4647e-14,2.15e-08
2.39808e-14,3.37508e-14,0.005,2e-08,1.01919e-20,1.01919e-20,0,0,4.79616e-14,2.2e-08
4.68514e-14,6.55032e-14,0.005,2e-08,1.03739e-20,1.03739e-20,0,0,9.37028e-14,2.25e-08
9.10383e-14,1.27454e-13,0.005,2e-08,1.07279e-20,1.07279e-20,0,0,1.82299e-13,2.3e-08
1.77636e-13,2.48468e-13,0.005,2e-08,1.14194e-20,1.14194e-20,0,0,3.55049e-13,2.35e-08
3.45723e-13,4.84057e-13,0.005,2e-08,1.27661e-20,1.27661e-20,0,0,6.91447e-13,2.4e-08
6.73239e-13,9.42801e-13,0.005,2e-08,1.53866e-20,1.53866e-20,0,0,1.3467e-12,2.45e-08
1.3114e-12,1.83631e-12,0.005,2e-08,2.0492e-20,2.0492e-20,0,0,2.62301e-12,2.5e-08
2.5544e-12,3.57625e-12,0.005,2e-08,3.04363e-20,3.04363e-20,0,0,5.10902e-12,2.55e-08
4.97558e-12,6.96576e-12,0.005,2e-08,4.98039e-20,4.98039e-20,0,0,9.95115e-12,2.6e-08
9.69114e-12,1.35674e-11,0.005,2e-08,8.75283e-20,8.75283e-20,0,0,1.93823e-11,2.65e-08
1.88756e-11,2.6426e-11,0.005,2e-08,1.61005e-19,1.61005e-19,0,0,3.77514e-11,2.7e-08
3.67648e-11,5.14708e-11,0.005,2e-08,3.04119e-19,3.04119e-19,0,0,7.35296e-11,2.75e-08
7.16081e-11,1.00251e-10,0.005,2e-08,5.82864e-19,5.82864e-19,0,0,1.43216e-10,2.8e-08
1.39473e-10,1.95263e-10,0.005,2e-08,1.12579e-18,1.12579e-18,0,0,2.78947e-10,2.85e-08
2.71657e-10,3.8032e-10,0.005,2e-08,2.18326e-18,2.18326e-18,0,0,5.43314e-10,2.9e-08
5.29116e-10,7.40762e-10,0.005,2e-08,4.24293e-18,4.24293e-18,0,0,1.05823e-09,2.95e-08
1.03058e-09,1.44281e-09,0.005,2e-08,8.25462e-18,8.25462e-18,0,0,2.06115e-09,3e-08
2.00729e-09,2.81021e-09,0.005,2e-08,1.60683e-17,1.60683e-17,0,0,4.01458e-09,3.05e-08
3.90967e-09,5.47353e-09,0.005,2e-08,3.12873e-17,3.12873e-17,0,0,7.81933e-09,3.1e-08
7.61499e-09,1.0661e-08,0.005,2e-08,6.09299e-17,6.09299e-17,0,0,1.523e-08,3.15e-08
1.4832e-08,2.07648e-08,0.005,2e-08,1.18666e-16,1.18666e-16,0,0,2.96639e-08,3.2e-08
2.88887e-08,4.04442e-08,0.005,2e-08,2.3112e-16,2.3112e-16,0,0,5.77775e-08,3.25e-08
5.62676e-08,7.87746e-08,0.005,2e-08,4.50151e-16,4.50151e-16,0,0,1.12535e-07,3.3e-08
1.09594e-07,1.53432e-07,0.005,2e-08,8.76764e-16,8.76764e-16,0,0,2.19189e-07,3.35e-08
2.1346e-07,2.98845e-07,0.005,2e-08,1.70769e-15,1.70769e-15,0,0,4.26921e-07,3.4e-08
4.15764e-07,5.8207e-07,0.005,2e-08,3.32612e-15,3.32612e-15,0,0,8.31528e-07,3.45e-08
8.09797e-07,1.13372e-06,0.005,2e-08,6.47839e-15,6.47839e-15,0,0,1.61959e-06,3.5e-08
1.57727e-06,2.20817e-06,0.00499999,2e-08,1.26181e-14,1.26181e-14,0,0,3.15453e-06,3.55e-08
3.07209e-06,4.30092e-06,0.00499999,1.99999e-08,2.45767e-14,2.45767e-14,0,0,6.14417e-06,3.6e-08
5.98357e-06,8.377e-06,0.00499998,1.99998e-08,4.78686e-14,4.78686e-14,0,0,1.19671e-05,3.65e-08
1.16543e-05,1.6316e-05,0.00499995,1.99997e-08,9.32342e-14,9.32342e-14,0,0,2.33086e-05,3.7e-08
2.26989e-05,3.17785e-05,0.00499991,1.99993e-08,1.81591e-13,1.81591e-13,0,0,4.53979e-05,3.75e-08
4.42096e-05,6.18934e-05,0.00499982,1.99987e-08,3.53677e-13,3.53677e-13,0,0,8.84192e-05,3.8e-08
8.61013e-05,0.000120542,0.00499966,1.99974e-08,6.8881e-13,6.8881e-13,0,0,0.000172203,3.85e-08
0.000167675,0.000234745,0.00499933,1.9995e-08,1.3414e-12,1.3414e-12,0,0,0.00033535,3.9e-08
0.000326483,0.000457076,0.00499869,1.99902e-08,2.61186e-12,2.61186e-12,0,0,0.000652965,3.95e-08
0.000635508,0.000889711,0.00499746,1.99809e-08,5.08407e-12,5.08407e-12,0,0,0.00127102,4e-08
0.00123631,0.00173084,0.00499505,1.99629e-08,9.89049e-12,9.89049e-12,0,0,0.00247262,4.05e-08
0.00240238,0.00336333,0.00499039,1.99279e-08,1.9219e-11,1.9219e-11,0,0,0.00480475,4.1e-08
0.00465798,0.00652117,0.00498137,1.98603e-08,3.72638e-11,3.72638e-11,0,0,0.00931596,4.15e-08
0.0089931,0.0125903,0.00496403,1.97302e-08,7.19448e-11,7.19448e-11,0,0,0.0179862,4.2e-08
0.0172226,0.0241116,0.00493111,1.94833e-08,1.37781e-10,1.37781e-10,0,0,0.0344452,4.25e-08
0.0324846,0.0454784,0.00487006,1.90255e-08,2.59877e-10,2.59877e-10,0,0,0.0649692,4.3e-08
0.0596015,0.083442,0.00476159,1.8212e-08,4.76812e-10,4.76812e-10,0,0,0.119203,4.35e-08
0.104304,0.146026,0.00458278,1.68709e-08,8.34434e-10,8.34434e-10,0,0,0.208609,4.4e-08
0.169622,0.237471,0.00432151,1.49113e-08,1.35697e-09,1.35697e-09,0,0,0.339244,4.45e-08
0.25,0.35,0.004,1.25e-08,2e-09,2e-09,0,0,0.5,4.5e-08
0.330378,0.462529,0.00367849,1.00887e-08,2.64303e-09,2.64303e-09,0,0,0.660756,4.55e-08
0.395696,0.553974,0.00341722,8.12913e-09,3.16557e-09,3.16557e-09,0,0,0.791391,4.6e-08
0.440399,0.616558,0.00323841,6.78804e-09,3.52319e-09,3.52319e-09,0,0,0.880797,4.65e-08
0.467515,0.654522,0.00312994,5.97454e-09,3.74012e-09,3.74012e-09,0,0,0.935031,4.7e-08
0.482777,0.675888,0.00306889,5.51668e-09,3.86222e-09,3.86222e-09,0,0,0.965555,4.75e-08
0.491007,0.68741,0.00303597,5.26979e-09,3.92806e-09,3.92806e-09,0,0,0.982014,4.8e-08
0.495342,0.693479,0.00301863,5.13974e-09,3.96274e-09,3.96274e-09,0,0,0.990684,4.85e-08
0.497598,0.696637,0.00300961,5.07207e-09,3.98078e-09,3.98078e-09,0,0,0.995195,4.9e-08
0.498764,0.698269,0.00300495,5.03709e-09,3.99011e-09,3.99011e-09,0,0,0.997527,4.95e-08
0.499364,0.69911,0.00300254,5.01907e-09,3.99492e-09,3.99492e-09,0,0,0.998729,5e-08
0.499674,0.699543,0.00300131,5.00979e-09,3.99739e-09,3.99739e-09,0,0,0.999347,5.05e-08
0.499832,0.699765,0.00300067,5.00503e-09,3.99866e-09,3.99866e-09,0,2.22045e-16,0.999665,5.1e-08
0.499914,0.699879,0.00300034,5.00258e-09,3.99931e-09,3.99931e-09,0,4.44089e-16,0.999828,5.15e-08
0.499956,0.699938,0.00300018,5.00133e-09,3.99965e-09,3.99965e-09,0,8.88178e-16,0.999912,5.2e-08
0.499977,0.699968,0.00300009,5.00068e-09,3.99982e-09,3.99982e-09,0,1.77636e-15,0.999955,5.25e-08
0.499988,0.699984,0.00300005,5.00035e-09,3.99991e-09,3.99991e-09,0,3.33067e-15,0.999977,5.3e-08
0.499994,0.699992,0.00300002,5.00018e-09,3.99995e-09,3.99995e-09,0,6.43929e-15,0.999988,5.35e-08
0.499997,0.699996,0.00300001,5.00009e-09,3.99998e-09,3.99998e-09,0,1.26565e-14,0.999994,5.4e-08
0.499998,0.699998,0.00300001,5.00005e-09,3.99999e-09,3.99999e-09,0,2.4647e-14,0.999997,5.45e-08
0.499999,0.699999,0.003,5.00002e-09,3.99999e-09,3.99999e-09,0,4.79616e-14,0.999998,5.5e-08
0.5,0.699999,0.003,5.00001e-09,4e-09,4e-09,0,9.37028e-14,0.999999,5.55e-08
0.5,0.7,0.003,5.00001e-09,4e-09,4e-09,0,1.82299e-13,1,5.6e-08
0.5,0.7,0.003,5e-09,4e-09,4e-09,0,3.54827e-13,1,5.65e-08
0.5,0.7,0.003,5e-09,4e-09,4e-09,0,6.91225e-13,1,5.7e-08
0.5,0.7,0.003,5e-09,4e-09,4e-09,0,1.34626e-12,1,5.75e-08
0.5,0.7,0.003,5e-09,4e-09,4e-09,0,2.62212e-12,1,5.8e-08
0.5,0.7,0.003,5e-09,4e-09,4e-09,0,5.10725e-12,1,5.85e-08
0.5,0.7,0.003,5e-09,4e-09,4e-09,0,9.94782e-12,1,5.9e-08
0.5,0.7,0.003,5e-09,4e-09,4e-09,0,1.93756e-11,1,5.95e-08
0.5,0.7,0.003,5e-09,4e-09,4e-09,0,3.77387e-11,1,6e-08
0.5,0.7,0.003,5e-09,4e-09,4e-09,0,7.3505e-11,1,6.05e-08
0.5,0.7,0.003,5e-09,4e-09,4e-09,0,1.43168e-10,1,6.1e-08
0.5,0.7,0.003,5e-09,4e-09,4e-09,0,2.78853e-10,1,6.15e-08
0.5,0.7,0.003,5.00001e-09,4e-09,4e-09,0,5.43132e-10,1,6.2e-08
0.5,0.699999,0.003,5.00001e-09,4e-09,4e-09,0,1.05788e-09,0.999999,6.25e-08
0.499999,0.699999,0.003,5.00002e-09,3.99999e-09,3.99999e-09,0,2.06046e-09,0.999998,6.3e-08
0.499998,0.699998,0.00300001,5.00005e-09,3.99999e-09,3.99999e-09,0,4.01323e-09,0.999997,6.35e-08
0.499997,0.699996,0.00300001,5.00009e-09,3.99998e-09,3.99998e-09,0,7.81671e-09,0.999994,6.4e-08
0.499994,0.699992,0.00300002,5.00018e-09,3.99995e-09,3.99995e-09,0,1.52249e-08,0.999988,6.45e-08
0.499988,0.699984,0.00300005,5.00035e-09,3.99991e-09,3.99991e-09,0,2.9654e-08,0.999977,6.5e-08
0.499977,0.699968,0.00300009,5.00068e-09,3.99982e-09,3.99982e-09,0,5.77581e-08,0.999955,6.55e-08
0.499956,0.699938,0.00300018,5.00132e-09,3.99965e-09,3.99965e-09,0,1.12497e-07,0.999912,6.6e-08
0.499914,0.69988,0.00300034,5.00258e-09,3.99931e-09,3.99931e-09,0,2.19115e-07,0.999828,6.65e-08
0.499833,0.699766,0.00300067,5.00502e-09,3.99866e-09,3.99866e-09,0,4.26778e-07,0.999665,6.7e-08
0.499674,0.699544,0.0030013,5.00978e-09,3.99739e-09,3.99739e-09,0,8.31249e-07,0.999347,6.75e-08
0.499365,0.699111,0.00300254,5.01904e-09,3.99492e-09,3.99492e-09,0,1.61905e-06,0.998729,6.8e-08
0.498765,0.698271,0.00300494,5.03704e-09,3.99012e-09,3.99012e-09,0,3.15348e-06,0.997527,6.85e-08
0.497601,0.696641,0.0030096,5.07198e-09,3.98081e-09,3.98081e-09,0,6.14211e-06,0.995195,6.9e-08
0.495348,0.693487,0.00301861,5.13956e-09,3.96278e-09,3.96278e-09,0,1.19631e-05,0.990684,6.95e-08
0.491019,0.687426,0.00303593,5.26944e-09,3.92815e-09,3.92815e-09,0,2.33007e-05,0.982014,7e-08
0.4828,0.67592,0.0030688,5.516e-09,3.8624e-09,3.8624e-09,0,4.53826e-05,0.965555,7.05e-08
0.46756,0.654583,0.00312976,5.97321e-09,3.74048e-09,3.74048e-09,0,8.83895e-05,0.935031,7.1e-08
0.440485,0.616678,0.00323806,6.78546e-09,3.52388e-09,3.52388e-09,0,0.000172145,0.880797,7.15e-08
0.395863,0.554209,0.00341655,8.1241e-09,3.16691e-09,3.16691e-09,0,0.000335238,0.791391,7.2e-08
0.330705,0.462986,0.00367718,1.00789e-08,2.64564e-09,2.64564e-09,0,0.000652746,0.660756,7.25e-08
0.250635,0.350889,0.00399746,1.24809e-08,2.00508e-09,2.00508e-09,0,0.00127059,0.5,7.3e-08
0.170858,0.239201,0.00431657,1.48743e-08,1.36686e-09,1.36686e-09,0,0.00247179,0.339244,7.35e-08
0.106706,0.149388,0.00457318,1.67988e-08,8.53647e-10,8.53647e-10,0,0.00480313,0.208609,7.4e-08
0.0642579,0.089961,0.00474297,1.80723e-08,5.14063e-10,5.14063e-10,0,0.0093128,0.119203,7.45e-08
0.0414746,0.0580645,0.0048341,1.87558e-08,3.31797e-10,3.31797e-10,0,0.0179801,0.0649692,7.5e-08
0.0344392,0.0482149,0.00486224,1.89668e-08,2.75514e-10,2.75514e-10,0,0.0344332,0.0344452,7.55e-08
0.041466,0.0580524,0.00483414,1.8756e-08,3.31728e-10,3.31728e-10,0,0.0649459,0.0179862,7.6e-08
0.0642367,0.0899314,0.00474305,1.80729e-08,5.13894e-10,5.13894e-10,0,0.119158,0.00931596,7.65e-08
0.106662,0.149327,0.00457335,1.68001e-08,8.53299e-10,8.53299e-10,0,0.20852,0.00480475,7.7e-08
0.170772,0.239081,0.00431691,1.48768e-08,1.36618e-09,1.36618e-09,0,0.339071,0.00247262,7.75e-08
0.250468,0.350655,0.00399813,1.2486e-08,2.00374e-09,2.00374e-09,0,0.499665,0.00127102,7.8e-08
0.330378,0.462529,0.00367849,1.00887e-08,2.64303e-09,2.64303e-09,0,0.660103,0.000652965,7.85e-08
0.395228,0.553319,0.00341909,8.14316e-09,3.16182e-09,3.16182e-09,0,0.79012,0.00033535,7.9e-08
0.439248,0.614948,0.00324301,6.82255e-09,3.51399e-09,3.51399e-09,0,0.878324,0.000172203,7.95e-08
0.465157,0.65122,0.00313937,6.04528e-09,3.72126e-09,3.72126e-09,0,0.930226,8.84192e-05,8e-08
0.478142,0.669399,0.00308743,5.65574e-09,3.82514e-09,3.82514e-09,0,0.956239,4.53979e-05,8.05e-08
0.482025,0.674836,0.0030719,5.53924e-09,3.8562e-09,3.8562e-09,0,0.964028,2.33086e-05,8.1e-08
0.478125,0.669376,0.0030875,5.65624e-09,3.825e-09,3.825e-09,0,0.956239,1.19671e-05,8.15e-08
0.465116,0.651163,0.00313954,6.04652e-09,3.72093e-09,3.72093e-09,0,0.930226,6.14417e-06,8.2e-08
0.439164,0.614829,0.00324334,6.82509e-09,3.51331e-09,3.51331e-09,0,0.878324,3.15453e-06,8.25e-08
0.395061,0.553085,0.00341976,8.14817e-09,3.16049e-09,3.16049e-09,0,0.79012,1.61959e-06,8.3e-08
0.330052,0.462073,0.00367979,1.00984e-08,2.64042e-09,2.64042e-09,0,0.660103,8.31528e-07,8.35e-08
0.249833,0.349766,0.00400067,1.2505e-08,1.99866e-09,1.99866e-09,0,0.499665,4.26921e-07,8.4e-08
0.169536,0.23735,0.00432186,1.49139e-08,1.35629e-09,1.35629e-09,0,0.339071,2.19189e-07,8.45e-08
0.10426,0.145964,0.00458296,1.68722e-08,8.34081e-10,8.34081e-10,0,0.20852,1.12535e-07,8.5e-08
0.0595788,0.0834103,0.00476168,1.82126e-08,4.7663e-10,4.7663e-10,0,0.119158,5.77775e-08,8.55e-08
0.0324729,0.0454621,0.00487011,1.90258e-08,2.59784e-10,2.59784e-10,0,0.0649459,2.96639e-08,8.6e-08
0.0172166,0.0241033,0.00493113,1.94835e-08,1.37733e-10,1.37733e-10,0,0.0344332,1.523e-08,8.65e-08
0.00899004,0.0125861,0.00496404,1.97303e-08,7.19203e-11,7.19203e-11,0,0.0179801,7.81933e-09,8.7e-08
0.0046564,0.00651897,0.00498137,1.98603e-08,3.72512e-11,3.72512e-11,0,0.0093128,4.01458e-09,8.75e-08
0.00240157,0.00336219,0.00499039,1.9928e-08,1.92125e-11,1.92125e-11,0,0.00480313,2.06115e-09,8.8e-08
0.0012359,0.00173025,0.00499506,1.99629e-08,9.88717e-12,9.88717e-12,0,0.00247179,1.05823e-09,8.85e-08
0.000635295,0.000889413,0.00499746,1.99809e-08,5.08236e-12,5.08236e-12,0,0.00127059,5.43314e-10,8.9e-08
0.000326373,0.000456922,0.00499869,1.99902e-08,2.61099e-12,2.61099e-12,0,0.000652746,2.78947e-10,8.95e-08
0.000167619,0.000234666,0.00499933,1.9995e-08,1.34095e-12,1.34095e-12,0,0.000335238,1.43216e-10,9e-08
8.60724e-05,0.000120501,0.00499966,1.99974e-08,6.8858e-13,6.8858e-13,0,0.000172145,7.35296e-11,9.05e-08
4.41948e-05,6.18727e-05,0.00499982,1.99987e-08,3.53558e-13,3.53558e-13,0,8.83895e-05,3.77514e-11,9.1e-08
2.26913e-05,3.17679e-05,0.00499991,1.99993e-08,1.81531e-13,1.81531e-13,0,4.53826e-05,1.93823e-11,9.15e-08
1.16504e-05,1.63105e-05,0.00499995,1.99997e-08,9.3203e-14,9.3203e-14,0,2.33007e-05,9.95115e-12,9.2e-08
5.98157e-06,8.3742e-06,0.00499998,1.99998e-08,4.78526e-14,4.78526e-14,0,1.19631e-05,5.10902e-12,9.25e-08
3.07106e-06,4.29948e-06,0.00499999,1.99999e-08,2.45685e-14,2.45685e-14,0,6.14211e-06,2.62301e-12,9.3e-08
1.57674e-06,2.20743e-06,0.00499999,2e-08,1.26139e-14,1.26139e-14,0,3.15348e-06,1.3467e-12,9.35e-08
8.09526e-07,1.13334e-06,0.005,2e-08,6.47622e-15,6.47622e-15,0,1.61905e-06,6.91447e-13,9.4e-08
4.15625e-07,5.81875e-07,0.005,2e-08,3.32501e-15,3.32501e-15,0,8.31249e-07,3.55049e-13,9.45e-08
2.13389e-07,2.98745e-07,0.005,2e-08,1.70712e-15,1.70712e-15,0,4.26778e-07,1.82299e-13,9.5e-08
1.09558e-07,1.53381e-07,0.005,2e-08,8.7647e-16,8.7647e-16,0,2.19115e-07,9.37028e-14,9.55e-08
5.62487e-08,7.87482e-08,0.005,2e-08,4.5e-16,4.5e-16,0,1.12497e-07,4.79616e-14,9.6e-08
2.88791e-08,4.04307e-08,0.005,2e-08,2.31042e-16,2.31042e-16,0,5.77581e-08,2.4647e-14,9.65e-08
1.4827e-08,2.07578e-08,0.005,2e-08,1.18626e-16,1.18626e-16,0,2.9654e-08,1.26565e-14,9.7e-08
7.61244e-09,1.06574e-08,0.005,2e-08,6.09095e-17,6.09095e-17,0,1.52249e-08,6.43929e-15,9.75e-08
3.90836e-09,5.4717e-09,0.005,2e-08,3.12769e-17,3.12769e-17,0,7.81671e-09,3.33067e-15,9.8e-08
2.00662e-09,2.80926e-09,0.005,2e-08,1.60629e-17,1.60629e-17,0,4.01323e-09,1.77636e-15,9.85e-08
1.03023e-09,1.44232e-09,0.005,2e-08,8.25185e-18,8.25185e-18,0,2.06046e-09,8.88178e-16,9.9e-08
5.28938e-10,7.40514e-10,0.005,2e-08,4.24151e-18,4.24151e-18,0,1.05788e-09,4.44089e-16,9.95e-08
2.71566e-10,3.80192e-10,0.005,2e-08,2.18253e-18,2.18253e-18,0,5.43132e-10,2.22045e-16,1e-07
1.39427e-10,1.95198e-10,0.005,2e-08,1.12541e-18,1.12541e-18,0,2.78853e-10,0,1.005e-07
7.15841e-11,1.00218e-10,0.005,2e-08,5.82674e-19,5.82674e-19,0,1.43168e-10,0,1.01e-07
3.67524e-11,5.14535e-11,0.005,2e-08,3.0402e-19,3.0402e-19,0,7.3505e-11,0,1.015e-07
1.88694e-11,2.64171e-11,0.005,2e-08,1.60955e-19,1.60955e-19,0,3.77387e-11,0,1.02e-07
9.68781e-12,1.35629e-11,0.005,2e-08,8.75019e-20,8.75019e-20,0,1.93756e-11,0,1.025e-07
4.9738e-12,6.96354e-12,0.005,2e-08,4.97907e-20,4.97907e-20,0,9.94782e-12,0,1.03e-07
2.55351e-12,3.57492e-12,0.005,2e-08,3.04297e-20,3.04297e-20,0,5.10725e-12,0,1.035e-07
1.31095e-12,1.83542e-12,0.005,2e-08,2.04887e-20,2.04887e-20,0,2.62212e-12,0,1.04e-07
6.73239e-13,9.42357e-13,0.005,2e-08,1.53849e-20,1.53849e-20,0,1.34626e-12,0,1.045e-07
3.45501e-13,4.84057e-13,0.005,2e-08,1.27661e-20,1.27661e-20,0,6.91225e-13,0,1.05e-07
1.77636e-13,2.4869e-13,0.005,2e-08,1.14194e-20,1.14194e-20,0,3.54827e-13,0,1.055e-07
9.10383e-14,1.27454e-13,0.005,2e-08,1.07296e-20,1.07296e-20,0,1.82299e-13,0,1.06e-07
4.68514e-14,6.55032e-14,0.005,2e-08,1.03739e-20,1.03739e-20,0,9.37028e-14,0,1.065e-07
2.39808e-14,3.35287e-14,0.005,2e-08,1.01919e-20,1.01919e-20,0,4.79616e-14,0,1.07e-07
1.24345e-14,1.73195e-14,0.005,2e-08,1.00993e-20,1.00993e-20,0,2.4647e-14,0,1.075e-07
6.21725e-15,8.88178e-15,0.005,2e-08,1.00496e-20,1.00496e-20,0,1.26565e-14,0,1.08e-07
3.10862e-15,4.44089e-15,0.005,2e-08,1.00265e-20,1.00265e-20,0,6.43929e-15,0,1.085e-07
1.77636e-15,2.22045e-15,0.005,2e-08,1.00132e-20,1.00132e-20,0,3.33067e-15,0,1.09e-07
8.88178e-16,1.33227e-15,0.005,2e-08,1.00066e-20,1.00066e-20,0,1.77636e-15,0,1.095e-07
4.44089e-16,6.66134e-16,0.005,2e-08,1.00033e-20,1.00033e-20,0,8.88178e-16,0,1.1e-07
2.22045e-16,4.44089e-16,0.005,2e-08,1.00017e-20,1.00017e-20,0,4.44089e-16,0,1.105e-07
0,0,0.005,2e-08,1e-20,1e-20,0,2.22045e-16,0,1.11e-07
0,0,0.005,2e-08,1e-20,1e-20,0,0,0,1.115e-07
0,0,0.005,2e-08,1e-20,1e-20,0,0,0,1.12e-07
0,0,0.005,2e-08,1e-20,1e-20,0,0,0,1.125e-07
0,0,0.005,2e-08,1e-20,1e-20,0,0,0,1.13e-07
0,0,0.005,2e-08,1e-20,1e-20,0,0,0,1.135e-07
0,0,0.005,2e-08,1e-20,1e-20,0,0,0,1.14e-07
0,0,0.005,2e-08,1e-20,1e-20,0,0,0,1.145e-07
0,0,0.005,2e-08,1e-20,1e-20,0,0,0,1.15e-07
0,0,0.005,2e-08,1e-20,1e-20,0,0,0,1.155e-07
0,0,0.005,2e-08,1e-20,1e-20,0,0,0,1.16e-07
0,0,0.005,2e-08,1e-20,1e-20,0,0,0,1.165e-07
0,0,0.005,2e-08,1e-20,1e-20,0,0,0,1.17e-07
0,0,0.005,2e-08,1e-20,1e-20,0,0,0,1.175e-07
0,0,0.005,2e-08,1e-20,1e-20,0,0,0,1.18e-07
0,0,0.005,2e-08,1e-20,1e-20,0,0,0,1.185e-07
0,0,0.005,2e-08,1e-20,1e-20,0,0,0,1.19e-07
0,0,0.005,2e-08,1e-20,1e-20,0,0,0,1.195e-07
0,0,0.005,2e-08,1e-20,1e-20,0,0,0,1.2e-07
0,0,0.005,2e-08,1e-20,1e-20,0,0,0,1.205e-07
0,0,0.005,2e-08,1e-20,1e-20,0,0,0,1.21e-07
0,0,0.005,2e-08,1e-20,1e-20,0,0,0,1.215e-07
0,0,0.005,2e-08,1e-20,1e-20,0,0,0,1.22e-07
0,0,0.005,2e-08,1e-20,1e-20,0,0,0,1.225e-07
0,0,0.005,2e-08,1e-20,1e-20,0,0,0,1.23e-07
0,0,0.005,2e-08,1e-20,1e-20,0,0,0,1.235e-07
0,0,0.005,2e-08,1e-20,1e-20,0,0,0,1.24e-07
0,0,0.005,2e-08,1e-20,1e-20,0,0,0,1.245e-07
0,0,0.005,2e-08,1e-20,1e-20,0,0,0,1.25e-07
0,0,0.005,2e-08,1e-20,1e-20,0,0,0,1.255e-07
0,0,0.005,2e-08,1e-20,1e-20,0,0,0,1.26e-07
0,0,0.005,2e-08,1e-20,1e-20,0,0,0,1.265e-07
0,0,0.005,2e-08,1e-20,1e-20,0,0,0,1.27e-07
0,0,0.005,2e-08,1e-20,1e-20,0,0,0,1.275e-07
0,0,0.005,2e-08,1e-20,1e-20,0,0,0,1.28e-07
0,0,0.005,2e-08,1e-20,1e-20,0,0,0,1.285e-07
0,0,0.005,2e-08,1e-20,1e-20,0,0,0,1.29e-07
0,0,0.005,2e-08,1e-20,1e-20,0,0,0,1.295e-07
0,0,0.005,2e-08,1e-20,1e-20,0,0,0,1.3e-07
0,0,0.005,2e-08,1e-20,1e-20,0,0,0,1.305e-07
0,0,0.005,2e-08,1e-20,1e-20,0,0,0,1.31e-07
0,0,0.005,2e-08,1e-20,1e-20,0,0,0,1.315e-07
0,0,0.005,2e-08,1e-20,1e-20,0,0,0,1.32e-07
0,0,0.005,2e-08,1e-20,1e-20,0,0,0,1.325e-07
0,0,0.005,2e-08,1e-20,1e-20,0,0,0,1.33e-07
0,0,0.005,2e-08,1e-20,1e-20,0,0,0,1.335e-07
0,0,0.005,2e-08,1e-20,1e-20,0,0,0,1.34e-07
0,0,0.005,2e-08,1e-20,1e-20,0,0,0,1.345e-07
0,0,0.005,2e-08,1e-20,1e-20,0,0,0,1.35e-07
0,0,0.005,2e-08,1e-20,1e-20,0,0,0,1.355e-07
0,0,0.005,2e-08,1e-20,1e-20,0,0,0,1.36e-07
0,0,0.005,2e-08,1e-20,1e-20,0,0,0,1.365e-07
0,0,0.005,2e-08,1e-20,1e-20,0,0,0,1.37e-07
0,0,0.005,2e-08,1e-20,1e-20,0,0,0,1.375e-07
0,0,0.005,2e-08,1e-20,1e-20,0,0,0,1.38e-07
0,0,0.005,2e-08,1e-20,1e-20,0,0,0,1.385e-07
0,0,0.005,2e-08,1e-20,1e-20,0,0,0,1.39e-07
0,0,0.005,2e-08,1e-20,1e-20,0,0,0,1.395e-07
0,0,0.005,2e-08,1e-20,1e-20,0,0,0,1.4e-07
0,0,0.005,2e-08,1e-20,1e-20,0,0,0,1.405e-07
0,0,0.005,2e-08,1e-20,1e-20,0,0,0,1.41e-07
0,0,0.005,2e-08,1e-20,1e-20,0,0,0,1.415e-07
0,0,0.005,2e-08,1e-20,1e-20,0,0,0,1.42e-07
0,0,0.005,2e-08,1e-20,1e-20,0,0,0,1.425e-07
0,0,0.005,2e-08,1e-20,1e-20,0,0,0,1.43e-07
0,0,0.005,2e-08,1e-20,1e-20,0,0,0,1.435e-07
0,0,0.005,2e-08,1e-20,1e-20,0,0,0,1.44e-07
0,0,0.005,2e-08,1e-20,1e-20,0,0,0,1.445e-07
0,0,0.005,2e-08,1e-20,1e-20,0,0,0,1.45e-07
0,0,0.005,2e-08,1e-20,1e-20,0,0,0,1.455e-07
0,0,0.005,2e-08,1e-20,1e-20,0,0,0,1.46e-07
0,0,0.005,2e-08,1e-20,1e-20,0,0,0,1.465e-07
0,0,0.005,2e-08,1e-20,1e-20,0,0,0,1.47e-07
0,0,0.005,2e-08,1e-20,1e-20,0,0,0,1.475e-07
0,0,0.005,2e-08,1e-20,1e-20,0,0,0,1.48e-07
0,0,0.005,2e-08,1e-20,1e-20,0,0,0,1.485e-07
0,0,0.005,2e-08,1e-20,1e-20,0,0,0,1.49e-07
0,0,0.005,2e-08,1e-20,1e-20,0,0,0,1.495e-07
